468962930.0
468963930.0
468964930.0
468965930.0
468966930.0
468967930.0
468968930.0
468969930.0
468970930.0
468971930.0
468972930.0
468973930.0
468974930.0
468975930.0
468976930.0
468977930.0
468978930.0
468979930.0
468980930.0
468981930.0
468982930.0
468983930.0
468984930.0
468985930.0
468986930.0
468987930.0
468988930.0
468989930.0
468990930.0
468991930.0
468992930.0
468993930.0
468994930.0
468995930.0
468996930.0
468997930.0
468998930.0
468999930.0
469000930.0
469001930.0
469002930.0
469003930.0
469004930.0
469005930.0
469006930.0
469007930.0
469008930.0
469009930.0
469010930.0
469011930.0
469012930.0
469013930.0
469014930.0
469015930.0
469016930.0
469017930.0
469018930.0
469019930.0
469020930.0
469021930.0
469022930.0
469023930.0
469024930.0
469025930.0
469026930.0
469027930.0
469028930.0
469029930.0
469030930.0
469031930.0
469032930.0
469033930.0
469034930.0
469035930.0
469036930.0
469037930.0
469038930.0
469039930.0
469040930.0
469041930.0
469042930.0
469043930.0
469044930.0
469045930.0
469046930.0
469047930.0
469048930.0
469049930.0
469050930.0
469051930.0
469052930.0
469053930.0
469054930.0
469055930.0
469056930.0
469057930.0
469058930.0
469059930.0
469060930.0
469061930.0
469062930.0
469063930.0
469064930.0
469065930.0
469066930.0
469067930.0
469068930.0
469069930.0
469070930.0
469071930.0
469072930.0
469073930.0
469074930.0
469075930.0
469076930.0
469077930.0
469078930.0
469079930.0
469080930.0
469081930.0
469082930.0
469083930.0
469084930.0
469085930.0
469086930.0
469087930.0
469088930.0
469089930.0
469090930.0
469091930.0
469092930.0
469093930.0
469094930.0
469095930.0
469096930.0
469097930.0
469098930.0
469099930.0
469100930.0
469101930.0
469102930.0
469103930.0
469104930.0
469105930.0
469106930.0
469107930.0
469108930.0
469109930.0
469110930.0
469111930.0
469112930.0
469113930.0
469114930.0
469115930.0
469116930.0
469117930.0
469118930.0
469119930.0
469120930.0
469121930.0
469122930.0
469123930.0
469124930.0
469125930.0
469126930.0
469127930.0
469128930.0
469129930.0
469130930.0
469131930.0
469132930.0
469133930.0
469134930.0
469135930.0
469136930.0
469137930.0
469138930.0
469139930.0
469140930.0
469141930.0
469142930.0
469143930.0
469144930.0
469145930.0
469146930.0
469147930.0
469148930.0
469149930.0
469150930.0
469151930.0
469152930.0
469153930.0
469154930.0
469155930.0
469156930.0
469157930.0
469158930.0
469159930.0
469160930.0
469161930.0
469162930.0
469163930.0
469164930.0
469165930.0
469166930.0
469167930.0
469168930.0
469169930.0
469170930.0
469171930.0
469172930.0
469173930.0
469174930.0
469175930.0
469176930.0
469177930.0
469178930.0
469179930.0
469180930.0
469181930.0
469182930.0
469183930.0
469184930.0
469185930.0
469186930.0
469187930.0
469188930.0
469189930.0
469190930.0
469191930.0
469192930.0
469193930.0
469194930.0
469195930.0
469196930.0
469197930.0
469198930.0
469199930.0
469200930.0
469201930.0
469202930.0
469203930.0
469204930.0
469205930.0
469206930.0
469207930.0
469208930.0
469209930.0
469210930.0
469211930.0
469212930.0
469213930.0
469214930.0
469215930.0
469216930.0
469217930.0
469218930.0
469219930.0
469220930.0
469221930.0
469222930.0
469223930.0
469224930.0
469225930.0
469226930.0
469227930.0
469228930.0
469229930.0
469230930.0
469231930.0
469232930.0
469233930.0
469234930.0
469235930.0
469236930.0
469237930.0
469238930.0
469239930.0
469240930.0
469241930.0
469242930.0
469243930.0
469244930.0
469245930.0
469246930.0
469247930.0
469248930.0
469249930.0
469250930.0
469251930.0
469252930.0
469253930.0
469254930.0
469255930.0
469256930.0
469257930.0
469258930.0
469259930.0
469260930.0
469261930.0
469262930.0
469263930.0
469264930.0
469265930.0
469266930.0
469267930.0
469268930.0
469269930.0
469270930.0
469271930.0
469272930.0
469273930.0
469274930.0
469275930.0
469276930.0
469277930.0
469278930.0
469279930.0
469280930.0
469281930.0
469282930.0
469283930.0
469284930.0
469285930.0
469286930.0
469287930.0
469288930.0
469289930.0
469290930.0
469291930.0
469292930.0
469293930.0
469294930.0
469295930.0
469296930.0
469297930.0
469298930.0
469299930.0
469300930.0
469301930.0
469302930.0
469303930.0
469304930.0
469305930.0
469306930.0
469307930.0
469308930.0
469309930.0
469310930.0
469311930.0
469312930.0
469313930.0
469314930.0
469315930.0
469316930.0
469317930.0
469318930.0
469319930.0
469320930.0
469321930.0
469322930.0
469323930.0
469324930.0
469325930.0
469326930.0
469327930.0
469328930.0
469329930.0
469330930.0
469331930.0
469332930.0
469333930.0
469334930.0
469335930.0
469336930.0
469337930.0
469338930.0
469339930.0
469340930.0
469341930.0
469342930.0
469343930.0
469344930.0
469345930.0
469346930.0
469347930.0
469348930.0
469349930.0
469350930.0
469351930.0
469352930.0
469353930.0
469354930.0
469355930.0
469356930.0
469357930.0
469358930.0
469359930.0
469360930.0
469361930.0
469362930.0
469363930.0
469364930.0
469365930.0
469366930.0
469367930.0
469368930.0
469369930.0
469370930.0
469371930.0
469372930.0
469373930.0
469374930.0
469375930.0
469376930.0
469377930.0
469378930.0
469379930.0
469380930.0
469381930.0
469382930.0
469383930.0
469384930.0
469385930.0
469386930.0
469387930.0
469388930.0
469389930.0
469390930.0
469391930.0
469392930.0
469393930.0
469394930.0
469395930.0
469396930.0
469397930.0
469398930.0
469399930.0
469400930.0
469401930.0
469402930.0
469403930.0
469404930.0
469405930.0
469406930.0
469407930.0
469408930.0
469409930.0
469410930.0
469411930.0
469412930.0
469413930.0
469414930.0
469415930.0
469416930.0
469417930.0
469418930.0
469419930.0
469420930.0
469421930.0
469422930.0
469423930.0
469424930.0
469425930.0
469426930.0
469427930.0
469428930.0
469429930.0
469430930.0
469431930.0
469432930.0
469433930.0
469434930.0
469435930.0
469436930.0
469437930.0
469438930.0
469439930.0
469440930.0
469441930.0
469442930.0
469443930.0
469444930.0
469445930.0
469446930.0
469447930.0
469448930.0
469449930.0
469450930.0
469451930.0
469452930.0
469453930.0
469454930.0
469455930.0
469456930.0
469457930.0
469458930.0
469459930.0
469460930.0
469461930.0
469462930.0
469463930.0
469464930.0
469465930.0
469466930.0
469467930.0
469468930.0
469469930.0
469470930.0
469471930.0
469472930.0
469473930.0
469474930.0
469475930.0
469476930.0
469477930.0
469478930.0
469479930.0
469480930.0
469481930.0
469482930.0
469483930.0
469484930.0
469485930.0
469486930.0
469487930.0
469488930.0
469489930.0
469490930.0
469491930.0
469492930.0
469493930.0
469494930.0
469495930.0
469496930.0
469497930.0
469498930.0
469499930.0
469500930.0
469501930.0
469502930.0
469503930.0
469504930.0
469505930.0
469506930.0
469507930.0
469508930.0
469509930.0
469510930.0
469511930.0
469512930.0
469513930.0
469514930.0
469515930.0
469516930.0
469517930.0
469518930.0
469519930.0
469520930.0
469521930.0
469522930.0
469523930.0
469524930.0
469525930.0
469526930.0
469527930.0
469528930.0
469529930.0
469530930.0
469531930.0
469532930.0
469533930.0
469534930.0
469535930.0
469536930.0
469537930.0
469538930.0
469539930.0
469540930.0
469541930.0
469542930.0
469543930.0
469544930.0
469545930.0
469546930.0
469547930.0
469548930.0
469549930.0
469550930.0
469551930.0
469552930.0
469553930.0
469554930.0
469555930.0
469556930.0
469557930.0
469558930.0
469559930.0
469560930.0
469561930.0
469562930.0
469563930.0
469564930.0
469565930.0
469566930.0
469567930.0
469568930.0
469569930.0
469570930.0
469571930.0
469572930.0
469573930.0
469574930.0
469575930.0
469576930.0
469577930.0
469578930.0
469579930.0
469580930.0
469581930.0
469582930.0
469583930.0
469584930.0
469585930.0
469586930.0
469587930.0
469588930.0
469589930.0
469590930.0
469591930.0
469592930.0
469593930.0
469594930.0
469595930.0
469596930.0
469597930.0
469598930.0
469599930.0
469600930.0
469601930.0
469602930.0
469603930.0
469604930.0
469605930.0
469606930.0
469607930.0
469608930.0
469609930.0
469610930.0
469611930.0
469612930.0
469613930.0
469614930.0
469615930.0
469616930.0
469617930.0
469618930.0
469619930.0
469620930.0
469621930.0
469622930.0
469623930.0
469624930.0
469625930.0
469626930.0
469627930.0
469628930.0
469629930.0
469630930.0
469631930.0
469632930.0
469633930.0
469634930.0
469635930.0
469636930.0
469637930.0
469638930.0
469639930.0
469640930.0
469641930.0
469642930.0
469643930.0
469644930.0
469645930.0
469646930.0
469647930.0
469648930.0
469649930.0
469650930.0
469651930.0
469652930.0
469653930.0
469654930.0
469655930.0
469656930.0
469657930.0
469658930.0
469659930.0
469660930.0
469661930.0
469662930.0
469663930.0
469664930.0
469665930.0
469666930.0
469667930.0
469668930.0
469669930.0
469670930.0
469671930.0
469672930.0
469673930.0
469674930.0
469675930.0
469676930.0
469677930.0
469678930.0
469679930.0
469680930.0
469681930.0
469682930.0
469683930.0
469684930.0
469685930.0
469686930.0
469687930.0
469688930.0
469689930.0
469690930.0
469691930.0
469692930.0
469693930.0
469694930.0
469695930.0
469696930.0
469697930.0
469698930.0
469699930.0
469700930.0
469701930.0
469702930.0
469703930.0
469704930.0
469705930.0
469706930.0
469707930.0
469708930.0
469709930.0
469710930.0
469711930.0
469712930.0
469713930.0
469714930.0
469715930.0
469716930.0
469717930.0
469718930.0
469719930.0
469720930.0
469721930.0
469722930.0
469723930.0
469724930.0
469725930.0
469726930.0
469727930.0
469728930.0
469729930.0
469730930.0
469731930.0
469732930.0
469733930.0
469734930.0
469735930.0
469736930.0
469737930.0
469738930.0
469739930.0
469740930.0
469741930.0
469742930.0
469743930.0
469744930.0
469745930.0
469746930.0
469747930.0
469748930.0
469749930.0
469750930.0
469751930.0
469752930.0
469753930.0
469754930.0
469755930.0
469756930.0
469757930.0
469758930.0
469759930.0
469760930.0
469761930.0
469762930.0
469763930.0
469764930.0
469765930.0
469766930.0
469767930.0
469768930.0
469769930.0
469770930.0
469771930.0
469772930.0
469773930.0
469774930.0
469775930.0
469776930.0
469777930.0
469778930.0
469779930.0
469780930.0
469781930.0
469782930.0
469783930.0
469784930.0
469785930.0
469786930.0
469787930.0
469788930.0
469789930.0
469790930.0
469791930.0
469792930.0
469793930.0
469794930.0
469795930.0
469796930.0
469797930.0
469798930.0
469799930.0
469800930.0
469801930.0
469802930.0
469803930.0
469804930.0
469805930.0
469806930.0
469807930.0
469808930.0
469809930.0
469810930.0
469811930.0
469812930.0
469813930.0
469814930.0
469815930.0
469816930.0
469817930.0
469818930.0
469819930.0
469820930.0
469821930.0
469822930.0
469823930.0
469824930.0
469825930.0
469826930.0
469827930.0
469828930.0
469829930.0
469830930.0
469831930.0
469832930.0
469833930.0
469834930.0
469835930.0
469836930.0
469837930.0
469838930.0
469839930.0
469840930.0
469841930.0
469842930.0
469843930.0
469844930.0
469845930.0
469846930.0
469847930.0
469848930.0
469849930.0
469850930.0
469851930.0
469852930.0
469853930.0
469854930.0
469855930.0
469856930.0
469857930.0
469858930.0
469859930.0
469860930.0
469861930.0
469862930.0
469863930.0
469864930.0
469865930.0
469866930.0
469867930.0
469868930.0
469869930.0
469870930.0
469871930.0
469872930.0
469873930.0
469874930.0
469875930.0
469876930.0
469877930.0
469878930.0
469879930.0
469880930.0
469881930.0
469882930.0
469883930.0
469884930.0
469885930.0
469886930.0
469887930.0
469888930.0
469889930.0
469890930.0
469891930.0
469892930.0
469893930.0
469894930.0
469895930.0
469896930.0
469897930.0
469898930.0
469899930.0
469900930.0
469901930.0
469902930.0
469903930.0
469904930.0
469905930.0
469906930.0
469907930.0
469908930.0
469909930.0
469910930.0
469911930.0
469912930.0
469913930.0
469914930.0
469915930.0
469916930.0
469917930.0
469918930.0
469919930.0
469920930.0
469921930.0
469922930.0
469923930.0
469924930.0
469925930.0
469926930.0
469927930.0
469928930.0
469929930.0
469930930.0
469931930.0
469932930.0
469933930.0
469934930.0
469935930.0
469936930.0
469937930.0
469938930.0
469939930.0
469940930.0
469941930.0
469942930.0
469943930.0
469944930.0
469945930.0
469946930.0
469947930.0
469948930.0
469949930.0
469950930.0
469951930.0
469952930.0
469953930.0
469954930.0
469955930.0
469956930.0
469957930.0
469958930.0
469959930.0
469960930.0
469961930.0
