468999320.0
469003320.0
469008320.0
469010320.0
469014320.0
469019320.0
469023320.0
469026320.0
469029320.0
469030320.0
469031320.0
469035320.0
469037320.0
469041320.0
469044320.0
469047320.0
469052320.0
469053320.0
469056320.0
469061320.0
469063320.0
469064320.0
469065320.0
469068320.0
469071320.0
469072320.0
469076320.0
469077320.0
469080320.0
469081320.0
469086320.0
469090320.0
469094320.0
469096320.0
469099320.0
469103320.0
469105320.0
469108320.0
469113320.0
469114320.0
469118320.0
469120320.0
469124320.0
469126320.0
469130320.0
469135320.0
469140320.0
469143320.0
469145320.0
469147320.0
469149320.0
469153320.0
469158320.0
469159320.0
469163320.0
469166320.0
469168320.0
469170320.0
469173320.0
469175320.0
469180320.0
469185320.0
469190320.0
469192320.0
469195320.0
469199320.0
469201320.0
469204320.0
469205320.0
469209320.0
469214320.0
469216320.0
469219320.0
469224320.0
469225320.0
469229320.0
469232320.0
469235320.0
469239320.0
469241320.0
469246320.0
469249320.0
469250320.0
469251320.0
469254320.0
469256320.0
469258320.0
469262320.0
469264320.0
469267320.0
469269320.0
469273320.0
469275320.0
469279320.0
469281320.0
469285320.0
469289320.0
469292320.0
469293320.0
469296320.0
469301320.0
469305320.0
469310320.0
469313320.0
469315320.0
469319320.0
469323320.0
469328320.0
469331320.0
469335320.0
469337320.0
469338320.0
469341320.0
469342320.0
469345320.0
469349320.0
469354320.0
469355320.0
469360320.0
469362320.0
469365320.0
469369320.0
469374320.0
469379320.0
469384320.0
469387320.0
469390320.0
469395320.0
469397320.0
469400320.0
469401320.0
469406320.0
469408320.0
469410320.0
469411320.0
469412320.0
469415320.0
469420320.0
469423320.0
469426320.0
469427320.0
469431320.0
469433320.0
469435320.0
469438320.0
469442320.0
469445320.0
469447320.0
469450320.0
469452320.0
469455320.0
469458320.0
469463320.0
469464320.0
469466320.0
469469320.0
469474320.0
469477320.0
469480320.0
469484320.0
469487320.0
469490320.0
469491320.0
469496320.0
469501320.0
469503320.0
469508320.0
469512320.0
469514320.0
469518320.0
469519320.0
469520320.0
469524320.0
469529320.0
469530320.0
469531320.0
469534320.0
469537320.0
469542320.0
469544320.0
469546320.0
469551320.0
469554320.0
469556320.0
469559320.0
469560320.0
469562320.0
469563320.0
469566320.0
469569320.0
469572320.0
469573320.0
469577320.0
469580320.0
469585320.0
469586320.0
469590320.0
469591320.0
469595320.0
469596320.0
469597320.0
469602320.0
469605320.0
469609320.0
469610320.0
469613320.0
469614320.0
469615320.0
469618320.0
469623320.0
469627320.0
469632320.0
469634320.0
469639320.0
469640320.0
469642320.0
469647320.0
469652320.0
469657320.0
469662320.0
469664320.0
469666320.0
469669320.0
469672320.0
469674320.0
469675320.0
469680320.0
469683320.0
469685320.0
469686320.0
469691320.0
469695320.0
469698320.0
469703320.0
469706320.0
469708320.0
469711320.0
469715320.0
469719320.0
469721320.0
469724320.0
469727320.0
469728320.0
469730320.0
469731320.0
469734320.0
469738320.0
469741320.0
469746320.0
469750320.0
469751320.0
469752320.0
469757320.0
469758320.0
469762320.0
469764320.0
469769320.0
469770320.0
469772320.0
469777320.0
469780320.0
469783320.0
469787320.0
469791320.0
469795320.0
469796320.0
469799320.0
469803320.0
469808320.0
469810320.0
469813320.0
469816320.0
469818320.0
469819320.0
469822320.0
469824320.0
469825320.0
469830320.0
469831320.0
469836320.0
469841320.0
469846320.0
469847320.0
469850320.0
469852320.0
469853320.0
469855320.0
469858320.0
469860320.0
469865320.0
469868320.0
469871320.0
469872320.0
469873320.0
469876320.0
469879320.0
469882320.0
469885320.0
469890320.0
469893320.0
469898320.0
469903320.0
469905320.0
469906320.0
469910320.0
469912320.0
469917320.0
469919320.0
469924320.0
469926320.0
469927320.0
469932320.0
469934320.0
469938320.0
469941320.0
469944320.0
469947320.0
469949320.0
469954320.0
469955320.0
469957320.0
469962320.0
469964320.0
469968320.0
469972320.0
469974320.0
469978320.0
469981320.0
469986320.0
469990320.0
469995320.0
469998320.0
470003320.0
470008320.0
470013320.0
470015320.0
470016320.0
470017320.0
470021320.0
470025320.0
470028320.0
470030320.0
470031320.0
470034320.0
470038320.0
470039320.0
470041320.0
470043320.0
470048320.0
470050320.0
470054320.0
470055320.0
470058320.0
470061320.0
470065320.0
470066320.0
470070320.0
470075320.0
470078320.0
470082320.0
470086320.0
470091320.0
470093320.0
470095320.0
470098320.0
470103320.0
470108320.0
470109320.0
470112320.0
470113320.0
470118320.0
470121320.0
470126320.0
470127320.0
470128320.0
470131320.0
470133320.0
470138320.0
470142320.0
470146320.0
470151320.0
470153320.0
470155320.0
470159320.0
470161320.0
470166320.0
470167320.0
470168320.0
470171320.0
470176320.0
470181320.0
470185320.0
470190320.0
470194320.0
470199320.0
470202320.0
470206320.0
470208320.0
470209320.0
470213320.0
470217320.0
470221320.0
470223320.0
470224320.0
470226320.0
470231320.0
470236320.0
470240320.0
470245320.0
470249320.0
470250320.0
470251320.0
470256320.0
470261320.0
470263320.0
470264320.0
470266320.0
470269320.0
470270320.0
470273320.0
470276320.0
470278320.0
470280320.0
470283320.0
470284320.0
470287320.0
470290320.0
470293320.0
470294320.0
470299320.0
470301320.0
470304320.0
470309320.0
470311320.0
470316320.0
470321320.0
470323320.0
470328320.0
470331320.0
470332320.0
470336320.0
470337320.0
470340320.0
470341320.0
470345320.0
470349320.0
470350320.0
470351320.0
470354320.0
470357320.0
470359320.0
470361320.0
470363320.0
470367320.0
470370320.0
470372320.0
470373320.0
470374320.0
470379320.0
470383320.0
470385320.0
470386320.0
470390320.0
470392320.0
470394320.0
470399320.0
470401320.0
470406320.0
470408320.0
470410320.0
470415320.0
470418320.0
470421320.0
470425320.0
470430320.0
470434320.0
470438320.0
470440320.0
470442320.0
470445320.0
470447320.0
470448320.0
470449320.0
470451320.0
470454320.0
470456320.0
470459320.0
470461320.0
470462320.0
470465320.0
470468320.0
470469320.0
470474320.0
470477320.0
470481320.0
470483320.0
470487320.0
470488320.0
470492320.0
470493320.0
470494320.0
470498320.0
470502320.0
470505320.0
470509320.0
470512320.0
470514320.0
470517320.0
470522320.0
470526320.0
470530320.0
470535320.0
470536320.0
470538320.0
470541320.0
470542320.0
470545320.0
470549320.0
470553320.0
470558320.0
470559320.0
470564320.0
470569320.0
470574320.0
470577320.0
470581320.0
470586320.0
470591320.0
470595320.0
470598320.0
470599320.0
470601320.0
470605320.0
470610320.0
470615320.0
470618320.0
470619320.0
470624320.0
470627320.0
470628320.0
470630320.0
470634320.0
470635320.0
470636320.0
470639320.0
470640320.0
470643320.0
470647320.0
470649320.0
470650320.0
470653320.0
470657320.0
470662320.0
470663320.0
470667320.0
470668320.0
470669320.0
470673320.0
470677320.0
470680320.0
470682320.0
470687320.0
470689320.0
470692320.0
470695320.0
470699320.0
470702320.0
470703320.0
470707320.0
470710320.0
470712320.0
470713320.0
470716320.0
470717320.0
470721320.0
470726320.0
470729320.0
470734320.0
470736320.0
470741320.0
470742320.0
470743320.0
470748320.0
470749320.0
470754320.0
470758320.0
470762320.0
470767320.0
470768320.0
470771320.0
470775320.0
470776320.0
470780320.0
470785320.0
470788320.0
470789320.0
470793320.0
470796320.0
470800320.0
470803320.0
470804320.0
470809320.0
470812320.0
470813320.0
470815320.0
470820320.0
470821320.0
470822320.0
470824320.0
470825320.0
470827320.0
470832320.0
470836320.0
470837320.0
470838320.0
470841320.0
470844320.0
470849320.0
470850320.0
470853320.0
470856320.0
470861320.0
470863320.0
470867320.0
470871320.0
470872320.0
470876320.0
470881320.0
470886320.0
470891320.0
470895320.0
470896320.0
470901320.0
470903320.0
470907320.0
470908320.0
470911320.0
470915320.0
470919320.0
470921320.0
470925320.0
470930320.0
470934320.0
470938320.0
470939320.0
470943320.0
470948320.0
470952320.0
470954320.0
470959320.0
470963320.0
470966320.0
470967320.0
470969320.0
470971320.0
470974320.0
470975320.0
470977320.0
470982320.0
470987320.0
470991320.0
470995320.0
470999320.0
471000320.0
471002320.0
471004320.0
471008320.0
471012320.0
471015320.0
471018320.0
471022320.0
471026320.0
471029320.0
471033320.0
471038320.0
471040320.0
471044320.0
471049320.0
471052320.0
471053320.0
471057320.0
471061320.0
471064320.0
471065320.0
471067320.0
471070320.0
471071320.0
471072320.0
471075320.0
471078320.0
471081320.0
471082320.0
471086320.0
471088320.0
471093320.0
471096320.0
471100320.0
471105320.0
471109320.0
471111320.0
471114320.0
471119320.0
471124320.0
471129320.0
471132320.0
471136320.0
471140320.0
471144320.0
471148320.0
471152320.0
471154320.0
471155320.0
471159320.0
471162320.0
471166320.0
471171320.0
471172320.0
471174320.0
471176320.0
471180320.0
471185320.0
471190320.0
471193320.0
471194320.0
471198320.0
471202320.0
471207320.0
471208320.0
471209320.0
471211320.0
471213320.0
471216320.0
471220320.0
471222320.0
471224320.0
471228320.0
471229320.0
471232320.0
471237320.0
471238320.0
471239320.0
471241320.0
471242320.0
471243320.0
471246320.0
471248320.0
471250320.0
471255320.0
471258320.0
471263320.0
471265320.0
471267320.0
471270320.0
471274320.0
471277320.0
471280320.0
471285320.0
471288320.0
471292320.0
471297320.0
471302320.0
471303320.0
471305320.0
471308320.0
471311320.0
471312320.0
471317320.0
471321320.0
471323320.0
471328320.0
471330320.0
471332320.0
471334320.0
471335320.0
471337320.0
471342320.0
471345320.0
471347320.0
471348320.0
471350320.0
471355320.0
471358320.0
471359320.0
471363320.0
471367320.0
471368320.0
471372320.0
471377320.0
471381320.0
471384320.0
471387320.0
471392320.0
471395320.0
471397320.0
471398320.0
471403320.0
471407320.0
471408320.0
471409320.0
471410320.0
471412320.0
471415320.0
471417320.0
471419320.0
471422320.0
471423320.0
471424320.0
471429320.0
471434320.0
471438320.0
471441320.0
471443320.0
471448320.0
471449320.0
471454320.0
471458320.0
471462320.0
471464320.0
471465320.0
471469320.0
471471320.0
471476320.0
471477320.0
471479320.0
471483320.0
471486320.0
471487320.0
471492320.0
471493320.0
471498320.0
471499320.0
471500320.0
471505320.0
471506320.0
471511320.0
471514320.0
471518320.0
471521320.0
471525320.0
471529320.0
471534320.0
471539320.0
471540320.0
471542320.0
471544320.0
471548320.0
471549320.0
471552320.0
471557320.0
471562320.0
471567320.0
471569320.0
471570320.0
471575320.0
471576320.0
471579320.0
471581320.0
471586320.0
471589320.0
471590320.0
471594320.0
471599320.0
471600320.0
471603320.0
471608320.0
471609320.0
471610320.0
471615320.0
471620320.0
471625320.0
471627320.0
471629320.0
471634320.0
471639320.0
471641320.0
471642320.0
471647320.0
471650320.0
471655320.0
471657320.0
471659320.0
471662320.0
471663320.0
471667320.0
471672320.0
471676320.0
471681320.0
471682320.0
471687320.0
471691320.0
471693320.0
471694320.0
471698320.0
471701320.0
471705320.0
471708320.0
471711320.0
471713320.0
471717320.0
471722320.0
471724320.0
471727320.0
471732320.0
471735320.0
471739320.0
471743320.0
471744320.0
471746320.0
471747320.0
471749320.0
471753320.0
471754320.0
471756320.0
471758320.0
471759320.0
471762320.0
471767320.0
471768320.0
471771320.0
471773320.0
471774320.0
471777320.0
471779320.0
471784320.0
471787320.0
471791320.0
471796320.0
471797320.0
471801320.0
471802320.0
471806320.0
471810320.0
471815320.0
471816320.0
471819320.0
471820320.0
471823320.0
471824320.0
471827320.0
471831320.0
471836320.0
471839320.0
471844320.0
471848320.0
471853320.0
471856320.0
471859320.0
471861320.0
471863320.0
471867320.0
471871320.0
471872320.0
471876320.0
471878320.0
471883320.0
471884320.0
471887320.0
471892320.0
471897320.0
471902320.0
471907320.0
471908320.0
471909320.0
471913320.0
471916320.0
471921320.0
471923320.0
471924320.0
471927320.0
471930320.0
471932320.0
471936320.0
471939320.0
471940320.0
471941320.0
471943320.0
471948320.0
471950320.0
471955320.0
471956320.0
471958320.0
471960320.0
471963320.0
471965320.0
471968320.0
471969320.0
471973320.0
471976320.0
471977320.0
471980320.0
471982320.0
471987320.0
471989320.0
471992320.0
471997320.0
472001320.0
472003320.0
472004320.0
472009320.0
472012320.0
