469008300.0
469012300.0
469019300.0
469028300.0
469038300.0
469042300.0
469046300.0
469053300.0
469063300.0
469072300.0
469075300.0
469078300.0
469080300.0
469090300.0
469092300.0
469094300.0
469097300.0
469104300.0
469105300.0
469111300.0
469116300.0
469125300.0
469131300.0
469134300.0
469137300.0
469144300.0
469146300.0
469147300.0
469156300.0
469157300.0
469166300.0
469170300.0
469171300.0
469179300.0
469186300.0
469195300.0
469201300.0
469204300.0
469212300.0
469213300.0
469217300.0
469224300.0
469234300.0
469244300.0
469247300.0
469250300.0
469253300.0
469256300.0
469261300.0
469268300.0
469276300.0
469282300.0
469292300.0
469301300.0
469310300.0
469311300.0
469319300.0
469322300.0
469330300.0
469332300.0
469341300.0
469346300.0
469351300.0
469361300.0
469368300.0
469374300.0
469377300.0
469387300.0
469392300.0
469396300.0
469402300.0
469408300.0
469411300.0
469416300.0
469423300.0
469426300.0
469432300.0
469441300.0
469445300.0
469448300.0
469456300.0
469460300.0
469464300.0
469468300.0
469474300.0
469478300.0
469480300.0
469486300.0
469487300.0
469491300.0
469493300.0
469503300.0
469512300.0
469518300.0
469526300.0
469532300.0
469542300.0
469547300.0
469553300.0
469559300.0
469560300.0
469566300.0
469568300.0
469569300.0
469577300.0
469585300.0
469592300.0
469596300.0
469600300.0
469608300.0
469611300.0
469619300.0
469623300.0
469632300.0
469639300.0
469645300.0
469653300.0
469657300.0
469665300.0
469666300.0
469672300.0
469673300.0
469681300.0
469691300.0
469698300.0
469699300.0
469707300.0
469715300.0
469722300.0
469730300.0
469740300.0
469745300.0
469748300.0
469750300.0
469758300.0
469768300.0
469769300.0
469771300.0
469778300.0
469781300.0
469788300.0
469792300.0
469799300.0
469807300.0
469817300.0
469825300.0
469831300.0
469836300.0
469841300.0
469847300.0
469853300.0
469854300.0
469858300.0
469859300.0
469869300.0
469875300.0
469885300.0
469891300.0
469895300.0
469901300.0
469908300.0
469909300.0
469912300.0
469914300.0
469923300.0
469932300.0
469936300.0
469940300.0
469945300.0
469953300.0
469961300.0
469964300.0
469974300.0
469980300.0
469990300.0
469999300.0
470008300.0
470010300.0
470011300.0
470018300.0
470022300.0
470025300.0
470029300.0
470035300.0
470036300.0
470042300.0
470052300.0
470061300.0
470062300.0
470067300.0
470077300.0
470085300.0
470091300.0
470097300.0
470102300.0
470111300.0
470121300.0
470126300.0
470132300.0
470133300.0
470142300.0
470152300.0
470160300.0
470162300.0
470170300.0
470180300.0
470182300.0
470189300.0
470196300.0
470205300.0
470211300.0
470221300.0
470229300.0
470236300.0
470239300.0
470246300.0
470247300.0
470248300.0
470257300.0
470263300.0
470266300.0
470267300.0
470276300.0
470281300.0
470291300.0
470297300.0
470298300.0
470303300.0
470307300.0
470317300.0
470318300.0
470328300.0
470332300.0
470336300.0
470345300.0
470355300.0
470362300.0
470371300.0
470374300.0
470378300.0
470380300.0
470386300.0
470394300.0
470396300.0
470402300.0
470405300.0
470414300.0
470421300.0
470431300.0
470434300.0
470439300.0
470446300.0
470448300.0
470458300.0
470459300.0
470467300.0
470477300.0
470487300.0
470489300.0
470496300.0
470506300.0
470514300.0
470518300.0
470525300.0
470531300.0
470535300.0
470543300.0
470549300.0
470551300.0
470557300.0
470567300.0
470570300.0
470571300.0
470573300.0
470580300.0
470589300.0
470599300.0
470605300.0
470615300.0
470624300.0
470634300.0
470643300.0
470651300.0
470655300.0
470664300.0
470665300.0
470673300.0
470676300.0
470683300.0
470686300.0
470692300.0
470696300.0
470705300.0
470713300.0
470714300.0
470718300.0
470724300.0
470734300.0
470738300.0
470741300.0
470747300.0
470750300.0
470752300.0
470756300.0
470766300.0
470776300.0
470781300.0
470790300.0
470792300.0
470793300.0
470794300.0
470797300.0
470799300.0
470807300.0
470810300.0
470816300.0
470817300.0
470820300.0
470825300.0
470827300.0
470837300.0
470841300.0
470851300.0
470854300.0
470855300.0
470861300.0
470868300.0
470869300.0
470873300.0
470882300.0
470884300.0
470894300.0
470904300.0
470905300.0
470906300.0
470915300.0
470918300.0
470923300.0
470927300.0
470928300.0
470938300.0
470943300.0
470950300.0
470958300.0
470959300.0
470965300.0
470968300.0
470973300.0
470982300.0
470988300.0
470993300.0
471003300.0
471005300.0
471007300.0
471008300.0
471012300.0
471014300.0
471015300.0
471018300.0
471020300.0
471022300.0
471025300.0
471033300.0
471035300.0
471039300.0
471045300.0
471055300.0
471061300.0
471070300.0
471076300.0
471080300.0
471084300.0
471092300.0
471096300.0
471105300.0
471110300.0
471113300.0
471117300.0
471121300.0
471123300.0
471132300.0
471137300.0
471144300.0
471147300.0
471149300.0
471157300.0
471163300.0
471169300.0
471172300.0
471175300.0
471179300.0
471189300.0
471196300.0
471202300.0
471204300.0
471210300.0
471213300.0
471220300.0
471222300.0
471227300.0
471232300.0
471234300.0
471236300.0
471240300.0
471245300.0
471251300.0
471253300.0
471256300.0
471260300.0
471263300.0
471266300.0
471267300.0
471273300.0
471275300.0
471284300.0
471288300.0
471298300.0
471301300.0
471305300.0
471309300.0
471315300.0
471325300.0
471329300.0
471331300.0
471333300.0
471334300.0
471337300.0
471340300.0
471348300.0
471357300.0
471363300.0
471364300.0
471374300.0
471376300.0
471377300.0
471386300.0
471391300.0
471398300.0
471403300.0
471412300.0
471416300.0
471424300.0
471434300.0
471438300.0
471445300.0
471446300.0
471448300.0
471458300.0
471466300.0
471472300.0
471480300.0
471488300.0
471493300.0
471498300.0
471502300.0
471508300.0
471518300.0
471519300.0
471523300.0
471525300.0
471534300.0
471543300.0
471553300.0
471554300.0
471556300.0
471559300.0
471567300.0
471572300.0
471576300.0
471577300.0
471580300.0
471588300.0
471596300.0
471602300.0
471603300.0
471606300.0
471608300.0
471616300.0
471619300.0
471627300.0
471636300.0
471643300.0
471652300.0
471656300.0
471666300.0
471672300.0
471679300.0
471680300.0
471685300.0
471692300.0
471701300.0
471703300.0
471705300.0
471706300.0
471709300.0
471710300.0
471718300.0
471723300.0
471728300.0
471733300.0
471734300.0
471739300.0
471742300.0
471752300.0
471762300.0
471768300.0
471775300.0
471779300.0
471787300.0
471797300.0
471805300.0
471809300.0
471812300.0
471818300.0
471822300.0
471824300.0
471827300.0
471837300.0
471841300.0
471843300.0
471853300.0
471857300.0
471865300.0
471875300.0
471880300.0
471881300.0
471884300.0
471888300.0
471895300.0
471897300.0
471899300.0
471907300.0
471910300.0
471920300.0
471922300.0
471925300.0
471933300.0
471939300.0
471947300.0
471949300.0
471951300.0
471961300.0
471970300.0
471972300.0
471982300.0
471991300.0
471996300.0
471997300.0
472007300.0
472012300.0
472020300.0
472025300.0
472027300.0
472030300.0
472036300.0
472040300.0
472043300.0
472051300.0
472053300.0
472058300.0
472065300.0
472071300.0
472081300.0
472083300.0
472090300.0
472093300.0
472094300.0
472095300.0
472104300.0
472105300.0
472115300.0
472116300.0
472124300.0
472132300.0
472134300.0
472137300.0
472138300.0
472143300.0
472151300.0
472156300.0
472160300.0
472163300.0
472169300.0
472177300.0
472185300.0
472191300.0
472195300.0
472196300.0
472202300.0
472205300.0
472213300.0
472219300.0
472226300.0
472233300.0
472242300.0
472248300.0
472256300.0
472266300.0
472271300.0
472273300.0
472275300.0
472281300.0
472290300.0
472298300.0
472303300.0
472306300.0
472309300.0
472316300.0
472322300.0
472326300.0
472328300.0
472332300.0
472341300.0
472348300.0
472353300.0
472357300.0
472362300.0
472372300.0
472376300.0
472384300.0
472388300.0
472390300.0
472393300.0
472400300.0
472408300.0
472417300.0
472418300.0
472419300.0
472426300.0
472432300.0
472434300.0
472437300.0
472447300.0
472456300.0
472466300.0
472470300.0
472476300.0
472482300.0
472485300.0
472494300.0
472497300.0
472498300.0
472503300.0
472513300.0
472522300.0
472525300.0
472533300.0
472536300.0
472542300.0
472543300.0
472550300.0
472559300.0
472563300.0
472567300.0
472577300.0
472584300.0
472586300.0
472587300.0
472593300.0
472598300.0
472602300.0
472610300.0
472613300.0
472621300.0
472626300.0
472632300.0
472641300.0
472649300.0
472650300.0
472654300.0
472659300.0
472664300.0
472665300.0
472672300.0
472682300.0
472691300.0
472692300.0
472693300.0
472696300.0
472698300.0
472703300.0
472711300.0
472717300.0
472723300.0
472731300.0
472732300.0
472741300.0
472742300.0
472751300.0
472761300.0
472771300.0
472773300.0
472779300.0
472789300.0
472793300.0
472803300.0
472809300.0
472814300.0
472821300.0
472824300.0
472832300.0
472835300.0
472838300.0
472846300.0
472849300.0
472859300.0
472865300.0
472867300.0
472870300.0
472872300.0
472879300.0
472882300.0
472889300.0
472895300.0
472899300.0
472906300.0
472916300.0
472919300.0
472923300.0
472933300.0
472934300.0
472939300.0
472945300.0
472954300.0
472958300.0
472962300.0
472970300.0
472972300.0
472977300.0
472981300.0
472983300.0
472984300.0
472985300.0
472995300.0
473001300.0
473009300.0
473017300.0
473024300.0
473029300.0
473031300.0
473038300.0
473045300.0
473048300.0
473052300.0
473055300.0
473058300.0
473062300.0
473071300.0
473072300.0
473077300.0
473080300.0
473084300.0
473089300.0
473098300.0
473107300.0
473108300.0
473115300.0
473122300.0
473131300.0
473137300.0
473138300.0
473145300.0
473149300.0
473151300.0
473156300.0
473159300.0
473167300.0
473176300.0
473186300.0
473193300.0
473198300.0
473203300.0
473209300.0
473212300.0
473222300.0
473224300.0
473227300.0
473235300.0
473245300.0
473255300.0
473259300.0
473261300.0
473266300.0
473272300.0
473277300.0
473286300.0
473287300.0
473290300.0
473294300.0
473299300.0
473304300.0
473314300.0
473324300.0
473329300.0
473339300.0
473344300.0
473347300.0
473349300.0
473353300.0
473360300.0
473370300.0
473378300.0
473386300.0
473392300.0
473401300.0
473403300.0
473409300.0
473415300.0
473424300.0
473429300.0
473439300.0
473442300.0
473446300.0
473455300.0
473461300.0
473467300.0
473476300.0
473482300.0
473485300.0
473494300.0
473500300.0
473510300.0
473513300.0
473521300.0
473526300.0
473534300.0
473543300.0
473545300.0
473550300.0
473551300.0
473556300.0
473566300.0
473576300.0
473580300.0
473585300.0
473595300.0
473597300.0
473598300.0
473605300.0
473606300.0
473614300.0
473618300.0
473625300.0
473627300.0
473630300.0
473637300.0
473645300.0
473649300.0
473655300.0
473659300.0
473667300.0
473674300.0
473681300.0
473683300.0
473692300.0
473699300.0
473704300.0
473705300.0
473713300.0
473714300.0
473715300.0
473724300.0
473725300.0
473726300.0
473727300.0
473732300.0
473740300.0
473744300.0
473747300.0
473754300.0
473762300.0
473772300.0
473778300.0
473786300.0
473795300.0
473798300.0
473805300.0
473806300.0
473807300.0
473812300.0
473817300.0
473826300.0
473831300.0
473837300.0
473841300.0
473848300.0
473852300.0
473856300.0
473865300.0
473866300.0
473876300.0
473881300.0
473882300.0
473886300.0
473894300.0
473899300.0
473904300.0
473912300.0
473919300.0
473920300.0
473924300.0
473932300.0
473940300.0
473946300.0
473949300.0
473957300.0
473961300.0
473967300.0
473968300.0
473969300.0
473973300.0
473979300.0
473985300.0
473993300.0
474003300.0
474004300.0
474009300.0
474018300.0
474025300.0
474033300.0
474036300.0
474046300.0
474056300.0
474064300.0
474067300.0
474075300.0
474080300.0
474090300.0
474100300.0
474103300.0
474107300.0
474114300.0
474119300.0
474128300.0
474129300.0
474139300.0
474140300.0
474148300.0
474157300.0
474159300.0
474166300.0
474167300.0
474172300.0
474174300.0
474180300.0
474190300.0
474193300.0
474194300.0
474198300.0
474205300.0
474213300.0
474219300.0
474229300.0
474232300.0
474235300.0
474239300.0
474245300.0
474248300.0
474252300.0
474259300.0
474263300.0
474267300.0
474268300.0
474276300.0
474286300.0
474291300.0
474296300.0
474305300.0
474310300.0
474318300.0
474321300.0
474327300.0
474335300.0
474341300.0
474349300.0
474350300.0
474354300.0
474355300.0
474365300.0
474367300.0
474377300.0
474379300.0
474389300.0
474393300.0
474398300.0
474408300.0
474411300.0
474415300.0
474420300.0
474423300.0
474429300.0
474432300.0
474436300.0
474437300.0
474438300.0
474445300.0
474455300.0
474459300.0
474469300.0
474477300.0
